image: big_run_map1u_clean_append6.pgm
resolution: 0.100000
origin: [-95.000000, -85.000000, 0.000000]
negate: 0
occupied_thresh: 0.65
free_thresh: 0.196

