image: yard_map_res_0p5m.pgm
resolution: 0.5
origin: [-100.000000, -100.000000, 0.000000]
negate: 0
occupied_thresh: 0.65
free_thresh: 0.196

